0.0 0.331118493909 0.560354374308 0.456256921373 0.581395348837 0.34219269103 0.480620155039 0.314507198228
0.331118493909 0.0 0.47065337763 0.574750830565 0.473975636766 0.508305647841 0.316722037652 0.482834994463
0.560354374308 0.47065337763 0.0 0.648947951274 0.461794019934 0.603543743079 0.303433001107 0.615725359911
0.456256921373 0.574750830565 0.648947951274 0.0 0.646733111849 0.58803986711 0.636766334441 0.305647840532
0.581395348837 0.473975636766 0.461794019934 0.646733111849 0.0 0.641196013289 0.299003322259 0.632336655592
0.34219269103 0.508305647841 0.603543743079 0.58803986711 0.641196013289 0.0 0.575858250277 0.49723145072
0.480620155039 0.316722037652 0.303433001107 0.636766334441 0.299003322259 0.575858250277 0.0 0.572535991141
0.314507198228 0.482834994463 0.615725359911 0.305647840532 0.632336655592 0.49723145072 0.572535991141 0.0
